

james_bay={
	location=1486
	color={
		97 220 117 
	}
	outgoing={
		name="california"
		path={
			1000 
		}
		control={
			1500.000000 1840.000000 1400.000000 1860.000000 1330.000000 1870.000000 1290.000000 1840.000000 1310.000000 1750.000000 1250.000000 1700.000000 1034.000000 1632.000000 967.000000 1660.000000 896.000000 1634.000000 878.000000 1607.000000 
		}
	}
	members={
		1486 998 999 1000 1003 1004 1005 1006 1008 1009 1010 1011 1805 1806 1807 1811 1813 2004 2005 2016 2017 2018 2589 2590 2591 2592 2593 2594 2595 2596 2597 2598 2599 2600 2601 2602 2603 2511 1812 2588 1002 2006 2501 2502 2503 2510 906 909 4902 4917 4918 4919 4920 
	}
}

st_lawrence={
	location=1490
	color={
		193 192 14 
	}
	outgoing={
		name="ohio"
		path={
			2553 2500
		}
		control={
			1540 1506 1530 1400
		}
	}
	members={
		996 2576 2577 2578 986 994 995 2582 2583 990 993 2584 2012 971 2013 2565 2566 2567 985 2570 2571 2572 980 981 2573 997 2574 2575 992 2579 2580 2581 2563 982 983 984 2568 2569 1104 1105 1490 1804 969 4871 4873 4890 4891 4892 4893 4894 4895 4896 4897 
		1500 930 931 2537 2538 929 2539 2540 932 933 2541 2542 2543 937 2544 2545 938 2546 2547 2527 935 936 2548 949 2011 2552 950 952 2549 2550 953 2553 2554 956 957 962 2023 965 2558 2639 967 2010 2560 966 968 2561 970 2562 2564 4874 4877 4878 4879 4880 4881 4882 
	}
}

brazil={
	location=1531
	outgoing={
		name="lima"
		path={
			1529 1530 1531 
		}
		control={
			2100.000000 820.000000 2000.000000 670.000000 
		}
	}
	members={
		1531 750 751 753 754 755 756 757 758 759 760 761 762 763 764 765 766 768 769 2881 2885 2891 2892 2893 2894 2895 2896 2897 2898 2899 2906 2907 2908 2912 2913 2914 2915 2916 2917 2918 2919 2920 2921 2922 1802 1803 2909 2910 2911 2929 2930 2931 2933 2934 2935 2889 2937 2938 2804 2811 742 744 747 748 749 2890 2923 2924 2926 2927 2928 745 746 2936 502 743 2803 752 2886 2925 4617 
	}
}

patagonia={
	location=2868
	outgoing={
		name="lima"
		path={
			1537 1536 
		}
		control={
			1840.000000 159.000000 1912.000000 221.000000 
		}
	}
	members={
		2868 2876 2869 786 2873 2874 780 781 782 783 2870 2875 2863 784 787 2862 785 2867 2871 2872 772 773 777 778 779 790 1536 1095 2025 2843 2844 2845 2846 2847 2848 2849 2850 2851 2852 2853 2854 2855 2857 2858 2859 2860 2861 2865 2866 2877 2878 2879 2884 2887 
	}
}

ohio={
	location=2526
	color={
		129 214 238 
	}
	inland=yes
	outgoing={
		name="mexico"
		path={
			921 2528 939 
		}
		control={
			1319.000000 1459.000000 1366.000000 1389.000000 1399.000000 1367.000000 1420.000000 1359.000000 1460.000000 1323.000000 1481.760010 1210.619995 
		}
	}
	outgoing={
		name="california"
		path={
			921 2528 939 
		}
		control={
			1226.000000 1459.000000 1135.000000 1414.000000 1053.000000 1403.000000 968.000000 1385.000000 719.000000 1282.000000 
		}
	}
	members={
		893 2014 2516 900 902 2513 2514 894 895 897 924 925 2531 2532 919 920 2528 2529 918 939 934 899 2509 2515 889 890 2507 2625 891 892 896 898 901 903 2508 2672 921 922 923 2530 2533 905 907 2007 1809 2008 2009 2504 2505 904 908 2512 1507 4883 4884 4885 4886 4900 4901 4905 4906 4908 4913 4914 4915 4916 4923 
		987 989 2585 2670 988 2586 2587 2671 991 1001 1007 2015 910 911 2517 2518 912 913 914 915 916 917 2519 2520 944 945 2521 2522 942 943 2523 2524 946 947 948 2525 954 2555 2556 955 2557 951 2526 2551 940 941 958 959 960 961 964 963 2559 4912 4872 4875 4876 4887 4888 4889 4898 4899 4903 4904 4907 4921 4922 
	}
}

california={
	location=2021
	outgoing={
		name="girin"
		path={
			1557 1684 1686 1685 1683 1668 1669 1440 1387 1980 1850 2106 2108 730 
		}
		control={
			809.000000 1602.000000 661.000000 1606.000000 431.000000 1626.000000 193.000000 1678.000000 47.000000 1653.000000 5530.000000 1599.000000 5269.000000 1402.000000 4999.000000 1349.000000 
		}
	}
	outgoing={
		name="polynesia_node"
		path={
			1556 1687 1693 1699 
		}
		control={
			849.000000 1512.000000 627.000000 1287.000000 
		}
	}
	members={
		855 859 862 877 2616 865 866 2620 868 871 869 2021 2476 867 876 879 2491 870 2477 2478 2479 2480 872 2481 2482 2483 873 2486 2487 2488 2019 2020 2506 2489 2490 874 2484 2485 2003 2604 2605 2606 2607 972 973 974 2610 975 2022 2609 976 977 2613 978 979 2611 2612 1808 4648 4646 4650 4633 4577 4639 4635 4636 4637 4638 4634 4649 4578 4647 860 2492 
	}
}

mexico={
	location=1551
	color={
		0 176 0 
	}
	outgoing={
		name="polynesia_node"
		path={
			1701 1707 1716 1715 1699 1697 
		}
		control={
			1574.000000 1061.000000 1572.000000 1013.000000 1552.219971 981.280029 1509.000000 967.000000 1425.000000 961.000000 1206.000000 962.000000 
		}
	}
	members={
		863 864 2498 2618 861 2614 2619 2666 2667 858 2499 2668 880 881 2495 875 878 2493 2494 882 885 2496 2497 883 886 2500 884 887 888 2665 2669 4606 4627 4629 4628 4644 4630 4631 4632 4909 4910 4911 
		1551 854 2617 2621 2657 851 2622 2623 2624 2643 849 2627 2645 2648 850 852 2626 2628 2644 848 2630 2631 2641 2647 844 847 2629 2646 2632 2635 2638 2649 841 842 843 2636 2653 845 2633 2650 2651 846 2634 2652 853 856 857 2615 2642 4589 4594 4587 4586 4585 4588 4591 4590 4584 4582 4598 4583 4581 4571 4570 4572 4641 4573 4575 4580 4574 4579 4576 4640 4642 4643 4645 839 
	}
}

lima={
	location=809
	outgoing={
		name="polynesia_node"
		path={
			1545 1546 1547 1548 835 
		}
		control={
			1000.000000 500.000000 
		}
	}
	members={
		812 2002 2821 2822 2826 816 817 819 820 2820 815 818 821 2823 2944 2945 813 2824 2825 2943 809 810 811 814 2827 807 808 2829 2830 805 806 2828 
		800 2902 2901 801 2835 2834 2838 794 2942 797 2941 2940 2946 795 793 2900 796 2840 2839 2837 792 791 2841 2836 802 804 2831 2947 803 2832 2833 775 776 799 2842 2882 2883 2888 2903 2904 2905 
	}
}

panama={
	location=835
	outgoing={
	name="polynesia_node"
		path={ 
			835 1548 1547 1702 1708 1711 1741 1740 1736
		}
		control={
			1551.000000 972.000000 1501.000000 913.000000 1361.000000 765.000000 1190.000000 786.000000 825.000000 773.000000
		}
	}
	members={
		840 2637 2640 2662 837 838 2660 2661 2663 826 835 836 2664 2819 828 2806 824 825 827 832 2817 2812 2814 2815 822 823 2816 2818 4605 4604 4607 4608 4603 4600 4601 4602 4599 4596 4595 4597 4592 4593 829 
		927 928 2534 926 2535 2536 484 485 2656 486 2654 2655 488 489 490 2658 2659 487 481 491 492 482 483 493 494 495 496 1881 497 498 499 500 501 830 2807 2813 741 831 2808 834 2805 2809 2810 2939 1516 4626 4625 4624 4622 4623 4619 4618 4620 4621 4616 4615 4612 4613 4609 4611 4614 4610 
	}
}

australia={
	location=1411
	outgoing={
		name="the_moluccas"
		path={
			1411 1407 1410 1409 1401 1357 
		}
		control={
			5150.000000 344.000000 5080.000000 457.000000 4963.000000 499.000000 4902.000000 535.000000 4800.000000 542.000000 
		}
	}
	outgoing={
		name="philippines"
		path={
			1407 2722 1789 2718 1245 1400 1402 654 2699 4349 
		}
		control={
			5200.000000 391.000000 5160.000000 505.000000 5050.000000 609.000000 4900.000000 680.000000 4810.000000 740.000000 4780.000000 830.000000 4760.000000 855.000000 4740.000000 847.000000 4730.000000 851.000000 4722.000000 856.000000 
		}
	}
	outgoing={
		name="polynesia_node"
		path={
			1735 1732 1733 1431 1427 
		}
		control={
			5250.000000 320.000000 5500.000000 650.000000 247.000000 951.000000 
		}
	}
	members={
		1085 1086 1087 1088 1089 1090 1091 1092 1093 1790 1791 1094 1084 1412 2726 2727 2728 2729 2730 2731 2732 2733 2734 2735 2736 1411 4846 4847 4848 4849 4850 4851 4852 4853 4854 4855 4856 4857 4858 4859 4860 4861 4862 4863 4864 4865 4866 4867 4868 4869 
	}
}

constantinople={
	location=1320
	color={
		126 203 120 
	}
	outgoing={
		name="basra"
		path={
			426 428 413 412
		}
		control={
			3412 1290 3452 1250 3491 1215 3533 1171
		}
	}
		outgoing={
		name="caucasus"
		path={
			339
		}
		control={
			3406.0 1339.0
		}
	}
	members={
		1320 325 328 2299 2304 329 1846 2300 4314 4315 316 317 2296 322 1848 4308 4311 318 319 2297 2298 4309 326 4312 4313 164 320 1319 2348 3003 4700     
		323 321 327 324 4307 2301 332 2303 2308 418 4295 4296 2307 2306 2305 331 330 2302 4310
	}
}
caucasus={
	location=423
	inland=yes
	outgoing={
		name="samarkand"
		path={
			1326 441
		}
		control={
			3609 1347 3755 1324
		}
	}
	members={
		2204 2196 422 462 1856 4301 2203 423 2195 463 2197 2201 2198 2208 2199 4306 425 2416 2417 464 468 466
		4302 419 2205 420 2202 424 4340 421 4299 4305 4303
	}
}
siberia={
	location=2433
	inland=yes
	outgoing={
		name="samarkand"
		path={
			2361
		}
		control={
			3721.000000 1382.000000 
		}
	}
	members={
		1965 2420 1966 475 2444
		4692 2369 1076 1075 1074 1078 2427 1080 1780 4691 1073 1069 2445 1072 1070 2430 1067 1068 1064 1061 2431 2432 2443 1063 1062 1059 2436 1060 2442
		2441 4689 2434 2357 479 2354 4690 1071 4688 4687 2428 2429 480 1066 1065 716 4679 4686 2433
	}
}

basra={
	location=1335
	outgoing={
		name="persia"
		path={
			412 413 428 426 
		}
		control={
			3564.000000 1167.000000 3561.000000 1228.000000 3591.000000 1234.000000 
		}
	}
	outgoing={
		name="hormuz"
		path={
			2219 1335 
		}
		control={
			3686.000000 1081.000000 3650.000000 1073.000000 
		}
	}
	members={
		1335 394 395 396 2340 2347 393 2338 4272 392 2337 4273 4274 408 2311 2312 4288 406 409 410 2310 4291 2334 4276
		1855 382 4297 378 2313 4298 377 1849 4270 4271 405 407 4292 2309 411 2314 1234 2322 2323 364 379 1854 384 2329 2330 383 2328 4268 4269 385 2331 2332 4277 4278 380 381 2327
		365 2315 2320 2321 1233 2318 4323 358 362 363 361 2316 4316 4317 359 2317 4318 360 1231 2319 4319 4320 356 357 2325 2326 4321 4322  
	}
}

persia={
	location=4341
	color={
		204 119 31 
	}
	inland=yes
	outgoing={
		name="lahore"
		path={
			578 451 450 446 2221 2235 2214 
		}
		control={
			3924.000000 1199.000000 3888.000000 1216.000000 3862.000000 1215.000000 3816.000000 1188.000000 3752.000000 1187.000000 3719.000000 1204.000000 3690.000000 1222.000000 3662.000000 1244.000000 
		}
	}
	outgoing={
		name="samarkand"
		path={
			442 441 438 437 427 426 
		}
		control={
			3820.000000 1295.000000 3781.000000 1294.000000 3744.000000 1293.000000 3696.000000 1301.000000 3672.000000 1286.000000 3649.000000 1263.000000 
		}
	}
	members={
		435 2224 2229 2230 436 4334 4336 446 4324 4325 2221 2235 2236 4326 417 426 2214 4339 4341 427 428 2213 2216 4337 429 433 2222 4335 4171 416 2206 2207 2212 2215 4300 4338 4177 4170 4172 4179 4304
		414 413 2210 2209 2211 4294 415 4293 2217 4342 412 4289 4290 
		432 2234 4345 2220 2218 4330 4329 4331
	}
}

hormuz={
	location=1333
	outgoing={
		name="gujarat"
		path={
			1336 1334 
		}
		control={
			3799.000000 1035.000000 
		}
	}
	members={
		397 398 404 2333 434 575 2231 2232 2233 430 2219 2223 4332 403 4285 4287 399 400 4286 431 2999 4327 1332 1334 4347 
		2335 2336 2339 4275 2324 2775 2782 2783 2786 2788 2789 2790 2793 2794 2795 2024 1205 1206 1209 1212 1215 1230 2765 2773 2792 2784 1211 2764 2787 1232 1331
		1779 2768 401 2341 2342 402 1099 4284 387 2346 4279 390 2344 4281 388 2345 4280 386 391 4282 389 2343 4283 1328 1329 1330 4333 4346 
	}
}

samarkand={
	location=454
	inland=yes
	outgoing={
		name="yumen"
		path={
			713 1786 739 1785 452 1967 454 
		}
		control={
			4257.000000 1329.000000 4176.000000 1321.000000 4106.000000 1323.000000 4047.000000 1300.000000 3994.000000 1292.000000 3934.000000 1316.000000 3880.000000 1305.000000 3857.000000 1299.000000 
		}
	}
	outgoing={
		name="lahore"
		path={
			578 451 450 453 454 
		}
		control={
			3924.000000 1220.000000 3882.000000 1237.000000 3863.000000 1258.000000 3838.000000 1276.000000 
		}
	}
	members={
		440 441 442 444 445 453 454 455 456 457 459 476 477 1967 1969 1970 1973 461 478 2126 2370 2362 2363 2356 2364 2368 2355 2360 2361 2358 2352 2351 2353 2359 458 2125 460 2350 437 438 439 443 2349 739 2124 2127 4209 4210 1968 4344 4343 4685 
		471 472 2366 470 465 469 2367 474 2365
	}
}

gujarat={
	location=504
	color={
		135 104 85 
	}
	outgoing={
		name="lahore"
		path={
			506 2072 
		}
		control={
			3921.000000 1136.000000 3906.000000 1090.000000 3879.000000 1059.000000 
		}
	}
	outgoing={
		name="deccan"
		path={
			4433 517 1337 
		}
		control={
			3964.000000 943.000000 3919.000000 945.000000 
		}
	}
	outgoing={
		name="comorin_cape"
		path={
			1339 2030 1337 
		}
		control={
			3952.000000 822.000000 3895.000000 915.000000 
		}
	}
	members={
		518 2058 2087 4501 4462 512 4502 4507 2066 513 514 2067 4506 504 2088 4503 4504 505 2072 4505 529 530 2089 4429 515 521 2052 4454 4455 517 2036 4430 503 2053 4456 4480 516 2051 2054 4512 4457
		576 2068 577 2086 2079 506 4509	4508 
	}
}

lahore={
	location=507
	color={
		63 150 30 
	}
	inland=yes
	outgoing={
		name="deccan"
		path={
			4411 2065 520 519 4464 528 4461 526 527 548 4442 4437 1948 
		}
		control={
			3975.000000 1149.000000 3997.000000 1115.000000 4000.000000 1007.000000 
		}
	}
	outgoing={
		name="lhasa"
		path={
			2129 2128 2074 508 
		}
		control={
			4206.000000 1141.000000 4181.000000 1132.000000 4163.000000 1129.000000 4137.000000 1132.000000 4120.000000 1139.000000 4104.000000 1152.000000 4085.000000 1161.000000 4059.000000 1164.000000 4036.000000 1175.000000 4018.000000 1170.000000 
		}
	}
	outgoing={
		name="ganges_delta"
		path={
			2038 4471 560 4469 2095 556 523 4497 4499 2061 2060 2062 4411 507 
		}
		control={
			4134.000000 1007.000000 4085.000000 1031.000000 4042.000000 1110.000000 
		}
	}
	members={
		447 519 520 2064 4500 522 2060 2062 2061 4498 4499 509 511 2069 4493 524 556 2063 4496 449 2225 
		2098 2097 4468 2095 4490 555 2055 523 4495 4497 4494 4491 554 4492 2065 4463 4411 510 4513 4510 2076 2075 507 4511 2078 2077 4449 508 2074 4521 2073 578 452 2226 451 448 450 2228 2094 2227
	}
}

comorin_cape={
	location=1340
	color={
		13 255 179 
	}
	outgoing={
		name="deccan"
		path={
			541 4422 4414 2026 
		}
		control={
			4004.000000 903.000000 4013.000000 871.000000 4016.000000 825.000000 4006.000000 783.000000 
		}
	}
	outgoing={
		name="ganges_delta"
		path={
			1342 1341 1340 
		}
		control={
			4126.000000 928.000000 4037.000000 783.500000 
		}
	}
	members={
		1340 2083 4418 4419 4420 539 540 1947 2027 4417 536 2101 4412 2100 4408 4409 572 2099 4407 574 1101 1248 1998 1999 538 2085 4414 2026 4415 4416 533 2031 4421 4422 4426 541 1949 2090 4423 4424 534 535 537 4410 4413 531 2029 2030 2032 4427 543 549 2084 2080 4425 
	}
}

deccan={
	location=1948
	color={
		241 13 61 
	}
	inland=yes
	outgoing={
		name="ganges_delta"
		path={
			1342 543 4439 542 1948 
		}
		control={
			4161.000000 980.000000 4151.000000 979.000000 4143.000000 981.000000 4135.000000 978.000000 4117.000000 984.000000 4063.000000 969.000000 4037.000000 960.000000 
		}
	}
	members={
		526 2056 2057 2093 4461 550 551 2092 4458 4460 532 2033 4428 2028 4438 4444 542 2037 4436 4439 527 4434 4453 569 1948 2035 4435 546 548 2050 4442 4443 1946 2034 4431 544 545 4432 4433 4437
		4459 4466 2059 559 740 528 4464 4465 525 4467
	}
}

polynesia_node={
	location=1997
	color={
		220 138 57 
	}
	outgoing={
		name="nippon"
		path={
			1675 1672 1671 1439 1437 
		}
		control={
			10.000000 1113.000000 5518.000000 1163.000000 5298.000000 1212.000000 5079.000000 1151.000000 
		}
	}
	outgoing={
		name="philippines"
		path={
			1734 1676 1434 1403 
		}
		control={
			232.000000 1026.000000 98.000000 1010.000000 5392.000000 975.000000 5066.000000 908.000000 4847.000000 887.000000 4762.000000 891.000000 
		}
	}
	outgoing={
		name="the_moluccas"
		path={
			1734 1676 1434 1403 
		}
		control={
			185.000000 966.000000 5623.000000 910.000000 5454.000000 853.000000 5272.000000 789.000000 5060.000000 727.000000 4863.000000 676.000000 4820.000000 634.000000 4803.000000 616.000000 4770.000000 606.000000 4766.000000 582.000000 4759.450195 560.179993 
		}
	}
	members={
		1107 2737 1108 2739 1106 1238 1242 1244 1989 1243 1990 1992 1240 1997 1235 1995 1996 1241 1991 1993 1994 1988 1986 1236 1987 1239 1109 1246 2738 4934 4935 4936 4937 4938 4939 
	}
	ai_will_propagate_through_trade=yes
}

philippines={
	location=1397
	outgoing={
		name="the_moluccas"
		path={
			1399 1357 
		}
		control={
			4715.000000 860.000000 4725.000000 840.000000 4743.000000 830.000000 4744.000000 815.000000 4736.000000 803.000000 4730.000000 790.000000 4705.000000 770.000000 4710.000000 732.000000 4773.000000 665.000000 4730.000000 612.000000 4750.479980 567.989990 
		}
	}
	outgoing={
		name="malacca"
		path={
			1395 1367 1362 1361 
		}
		control={
			4704.000000 863.000000 4699.000000 840.000000 4665.000000 828.000000 4640.000000 802.000000 4560.000000 720.000000 4470.000000 653.000000 
		}
	}
	outgoing={
		name="nippon"
		path={
			1389 1392 1393 2698 2697 4349 
		}
		control={
			4816.000000 1195.000000
		}
	}
	outgoing={
		name="canton"
		path={
			1397 1394 
		}
		control={
			4698.000000 865.000000 4672.000000 880.000000 4644.000000 947.000000
		}
	}
	members={
		1397 2701 2702 4355 652 653 4354 654 2700 4351 4352 4353 651 655 4356 657 658 2698 4348 656 2697 2699 4349 4350 
	}
	ai_will_propagate_through_trade=yes
}

the_moluccas={
	location=1357
	color={
		84 12 93 
	}
	outgoing={
		name="malacca"
		path={
			1358 1360 
		}
		control={
			4669.000000 535.000000 4548.000000 575.000000 4489.000000 622.000000 
		}
	}
	members={
		646 2687 2688 2689 2690 2718 2724 1357 1245 647 645 2717 648 649 650 2725 2696 2695 635 633 634 643 2713 2714 642 2715 641 2716 632 627 2691 631 2693 629 2692 628 626 625 630 624 644 2723 2722 2721 1237 2720 2719 1789 4790 4791 4792 4793 4794 4795 4796 4797 4798 4845 
	}
	ai_will_propagate_through_trade=yes
}

malacca={
	location=1361
	outgoing={
		name="ganges_delta"
		path={
			1348 1347 1345 1344 1343 
		}
		control={
			4335.000000 740.000000 4292.680176 825.210022 4262.000000 882.000000 4238.000000 936.000000 
		}
	}
	outgoing={
		name="gulf_of_siam"
		path={
			1364 1362 1361 
		}
		control={
			4403.000000 767.000000 4431.000000 709.000000 4446.000000 665.000000 
		}
	}
	members={
		593 594 595 596 597 598 599 617 618 619 620 621 622 623 636 637 638 639 640 659 1361 2390 2391 2392 2393 2394 2673 2674 2675 2676 2677 2678 2679 2680 2681 2682 2683 2684 2685 2686 2703 2704 2705 2706 2707 2708 2709 2710 2711 2712 2740 4799 4800 4801 4802 4803 4804 4805 4806 4809 4810 4811 4812 4813 4814 4815 4816 4817 4818 
	}
	ai_will_propagate_through_trade=yes
}





ganges_delta={
	location=1343
	outgoing={
		name="burma"
		path={
			1342 1341 1340 
		}
		control={
			4126.000000 928.000000 4037.000000 783.500000 
		}
	}
	members={
		1343 553 2082 4447 4451 4452 547 2048 4445 4446 4448 561 2081 4476 4477 564 2039 4474 4475 4478 552 2038 2043 2049 4441 560 2096 4450 4470 4471 562 2045 2046 4486 563 2044 4479 568 579 2402 558 4469 4472 4489 2047 4484 4487 4488 
		567 4473 2091 2041 573 570 2042 571 566 4440 2040
	}
}

yumen={
	location=707
	inland=yes
	outgoing={
		name="girin"
		path={
			2110 4675 4203 723 4669 720 707 
		}
		control={
			4690.000000 1421.000000 4552.000000 1432.000000 4413.000000 1427.000000 4340.000000 1384.000000 
		}
	}
	outgoing={
		name="lhasa"
		path={
			705 706  
		}
		control={
			4260.000000 1206.000000 4310.000000 1254.000000 4250.000000 1290.000000 4270.000000 1317.000000 
		}
	}
	outgoing={
		name="chengdu"
		path={
			707 
		}
		control={
			4490.000000 1280.000000 4436.000000 1299.000000 
		}
	}
	members={
		1786 707 708 714 719 1784 2118 2119 2123 2189 2190 2194 2182 2184 2122 4206 4207 717 721 2116 4219 4220 720 2193 4221 
		713 715 2120 4208 718 2117 4222 712 2121 2192 4673 4666 4667 723 4669 4668 4681 4683 4682 4678 4677 4680 4684
		702 4671 2747 4670 2114
		2191 4676 709 4223 701
	}
}

lhasa={
	location=677
	inland=yes
	outgoing={
		name="chengdu"
		path={
			2132 2167 675 679 
		}
		control={
			4286.000000 1196.000000 4365.000000 1197.000000 4427.310059 1151.910034 
		}
	}
	outgoing={
		name="burma"
		path={
			4517 1788 2396 582 4393 584 
		}
		control={
			4296.310059 1104.910034 4310.310059 1070.910034 
		}
	}
	members={
		2129 2128 676 705 706 2134 4204 677 2130 4205 565 4481 4482 557 2070 2071 4483 4485 4514 4515 4516 4517 4518 4519 4520 
		710 711 4693
		2132 2131 678 2135 2133 
	}
}

girin={
	location=730
	color={
		41 82 45 
	}
	outgoing={
		name="beijing"
		path={
			2110 726 704 1816 
		}
		control={
			4752.000000 1386.000000 4719.000000 1397.000000 4671.000000 1368.000000 
		}
	}
	outgoing={
		name="nippon"
		path={
			732 1377 1376 
		}
		control={
			4805.000000 1332.000000 4833.000000 1296.000000 4845.000000 1259.000000 
		}
	}
	members={
		1850 1049 2107 2108 2111 2106 2186 1058 2102 2104 1053 2103 1034 1035 1036 1037 1038 1039 1040 1041 1042 1043 1044 1046 1047
		1052 1783 2438 2439 2440 2446 1055 1056 1057 730 2110 2188 4201 1033 1048 1050 4214 4216 729 731 2105 4215 4217 722 2109 2187 
		4202 4203 724 725 4218 727 728 2185 4200 4654 4655 4656 4657 4658 4659 4660 4661 4662 4653 4663 4664 4665 4674 4675 4672 2115 
		1051 1045 2435 1054 2437
	}
}

burma={
	location=584
	color={
		35 229 76 
	}
	outgoing={
		name="gulf_of_siam"
		path={
			4395 585 586 590 2403 4835 4834 600 4831 1365 
		}
		control={
			4310.000000 953.000000 4335.000000 902.000000 4351.000000 877.000000 4377.000000 878.000000 4383.000000 823.000000 
		}
	}
	outgoing={
		name="chengdu"
		path={
			675 2167 2166 583 2400 
		}
		control={
			4416.000000 1100.000000 4374.000000 1058.000000 4340.000000 1027.000000 
		}
	}
	members={
		584 2399 581 2398 580 4393 2397 4394 4396 585 4395 583 588 2400 4397 4406 587 2401 4398 582
		2395 2396 4404 4405 1815 4399 586 590 2403 
		660 2165 2166 661 2167
	}
}

chengdu={
	location=679
	inland=yes
	outgoing={
		name="canton"
		path={
			680 673 2163 2165 665 667 1371 
		}
		control={
			4506.000000 1143.000000 4513.000000 1093.000000 4498.000000 1039.000000 4528.000000 1030.000000 4568.000000 1025.000000 4580.000000 1023.000000 
		}
	}
	outgoing={
		name="beijing"
		path={
			1836 692 2137 2140 691 2138 1375 1816 
		}
		control={
			4532.000000 1227.000000 4550.000000 1235.000000 4592.540039 1233.510010 4622.000000 1257.000000 4638.000000 1267.000000 4660.000000 1280.000000 4671.000000 1300.000000 
		}
	}	
	members={
		679 680 4212 2169 2170 4211 675 2168 2748 4213 
		663 662 674 673 4199 2173 2174 671 672
		687 2181 2180 698 699 2183 2175 2176 681 682 2171 2172 4197 689 700 2179 4198 701
	}
}

beijing={
	location=4233
	outgoing={
		name="hangzhou"
		path={
			684 1373 1374 1375 
		}
		control={
			4715.000000 1290.000000 4725.000000 1260.000000 4715.000000 1200.000000 4720.000000 1165.000000 
		}
	}
	members={
		690 691 2138 2139 2140 703 1816 2136 4194 695 696 2137 4195 704 726 2112 2113 693 694 697 2177 2178 4233 4652
		692 688 1836 
	}
}

hangzhou={
	location=684
	outgoing={
		name="canton"
		path={
			1372 1824 684 
		}
		control={
			4720.000000 1127.000000 4686.000000 1065.000000 4640.000000 1012.000000 
		}
	}
	outgoing={
		name="nippon"
		path={
			1389 1373 684 
		}
		control={
			4790.000000 1197.000000
		}
	}
	members={
		669 670 683 684 685 686 1821 1822 1824 1829 1833 1838 1897 2143 2144 2145 2146 2147 2148 2149 2150 2151 2152 2153 2141 2142 4196 
	}
}

gulf_of_siam={
	location=1365
	color={
		84 152 93 
	}
	outgoing={
		name="canton"
		path={
			1370 1369 1366 1364 1365 
		}
		control={
			4416.000000 771.000000 4511.000000 811.000000 4541.000000 874.000000 4547.000000 938.000000 4587.000000 968.000000 
		}
	}
	members={
		592 600 601 602 603 604 605 606 609 607 608 611 612 614 615 1817 1823 1844 1022 2374 2375 2376 2377 2378 2379 2380 2381 2382 2383
		2384 2385 2386 2387 2388 2389 591 2404 2371 1365 589 4822 4823 4824 4825 4826 4827 4828 4829 4830 4831 4832 4833 4834 4835 4836 4837 4838 4839 4840 4841 4842 
		2373 1016 4821 610 2372 613 4820 616 4819
	}
}

canton={
	location=1371
	members={
		2161 1371 664 665 666 667 668 738 1840 2154 2155 2156 2157 2158 2159 2160 2162 2163 2164
	}
	end = yes
}

nippon={
	location=1376
	members={
		1376 1012 1014 1017 1018 1019 1020 1021 1023 1024 1025 1026 1027 1028 1029 1030 1031 1032 1818 1819 1820 1825 1830 1832 1835 1837 1839
		1843 1847 1852 4131 4180 4181 4182 4183 4184 4185 4186 4187 4188 4189 4190 4191 4192 4193 1015 4359 4360 4651 1845 2744 4232 732 2742 2743 733 735 4230 4231 734 736 2694 2745 4227 737 1013 2741 4228 4229 
	}
	end = yes
}
